residue,frequency
151,141
149,141
62,141
165,141
152,141
146,141
167,141
46,141
202,140
100,140
90,140
177,140
81,139
198,139
154,139
142,138
88,138
19,137
7,137
156,137
53,137
36,136
101,135
92,135
160,135
38,134
34,134
211,134
126,134
143,132
9,131
44,131
48,131
47,130
221,130
161,130
103,130
52,129
89,129
94,129
116,129
11,129
139,128
117,128
169,128
186,127
212,126
144,126
68,124
64,122
55,121
42,121
14,119
129,118
163,118
140,118
51,118
23,117
61,117
25,117
205,117
12,117
10,117
93,116
127,116
41,115
190,115
21,114
112,113
3,112
72,112
113,111
98,111
119,110
27,110
168,110
153,107
91,106
214,105
107,104
110,104
123,104
43,104
125,104
85,103
95,103
179,100
157,99
76,99
216,98
59,95
115,94
147,93
2,93
13,92
141,92
183,91
178,91
182,91
148,90
69,89
204,88
15,87
70,87
35,87
145,86
97,86
26,86
120,85
8,85
37,84
109,82
200,82
57,80
164,80
166,79
18,79
80,78
209,78
87,78
133,77
131,75
207,75
122,74
158,74
155,74
50,72
137,70
63,70
4,70
108,70
114,69
206,69
22,67
79,67
33,67
171,66
203,65
111,65
66,65
96,63
84,63
86,63
196,62
219,61
187,60
124,60
121,60
118,60
73,59
82,59
71,59
128,58
194,58
1,57
67,56
49,56
189,56
32,56
99,56
39,55
40,55
58,54
185,54
83,53
201,53
197,53
16,52
31,51
77,51
184,51
45,50
60,49
6,49
213,48
180,48
220,47
106,46
150,46
54,46
174,44
188,43
159,42
74,41
170,41
78,40
134,39
28,39
218,38
199,38
215,38
75,37
136,37
210,37
24,37
30,36
181,36
56,36
20,35
104,35
5,33
175,33
138,32
192,32
65,32
17,32
105,30
162,30
172,30
208,30
29,30
102,29
132,29
193,28
217,28
173,26
195,25
176,23
135,23
191,21
130,21
